song_tone = [	3,2,1,7,...
		6,5,6,7,...
		3,3,1,  2,7£¬ 1,1,6£¬ 7,5,...
		6,6,4£¬ 5,3£¬ 6,6,1£¬ 7,1,2,...
		3,2,3,4, 5,2,5,4, 3,6,5,4, 5,4,3,2,...
		1,6,6,7, 1,7,6,5, 4,3,2,6, 5,6,5,4,...
		5,3,4,5,3,4,  5,5,6,7,1,2,3,4, 3,1,2,3,3,4, 5,6,5,4,5,3,4,5,...
		4,6,5,4,3,2, 3,1,1,2,3,4,5,6, 4,6,5,6,7,1, 5,6,7,1,2,3,4,5,...
		5,5, 5,6,5,4, 3,3, 3,4,3,2,
		1,1, 1,2,1,7, 6,1, 7,1,2,
		3, 2,1,7,
		6,5,6,7,1,7,1,7,1,7,6,7,1];
		

lasting_time =[	4,4,4,4,...
		4,4,4,4,...
		2,1,1, 3,1, 2,1,1, 3,1,...
		2,1,1, 3,1, 2,1,1, 2,1,1,...
		1,1,1,1, 1,1,1,1, 1,1,1,1, 1,1,1,1,...
		1,1,1,1, 1,1,1,1, 1,1,1,1, 1,1,1,1,...
		1,0.5,0.5,1,0.5,0.5, 0.5,0.5,0.5,0.5,0.5,0.5,0.5,0.5, 1,0.5,0.5,1,0.5,0.5,0.5,0.5,0.5,0.5,0.5,0.5,0.5,0.5,...
		1,0.5,0.5,1,0.5,0.5, 0.5,0.5,0.5,0.5,0.5,0.5,0.5,0.5, 1,0.5,0.5,1,0.5,0.5,0.5,0.5,0.5,0.5,0.5,0.5,0.5,0.5,...
		3,1, 1,1,1,1, 3,1, 1,1,1,1,...
		3,1, ,1,1,1,1 3,1, 2,1,1,...
		4,4,4,4,...
		4,4,4,0.5,0.5,0.5,0.5,0.33,0.33,0.33,0.5,0.5,4];

song_tone2 = [	1,5,6,3,...
		4,1,4,5,...
		1,4,6,3,...
		4,1,4,5,...
		1,5,6,3,...
		4,1,4,5,...
		1,5,6,3,...
		4,1,4,5,...
		1,5,6,3,...
		4,1,4,5,...
		1,5,6,3,...
		4,1,4,5,1];
last_time2 = ones(length(song_tone2));
		